0 0.074074
1 0.111111
2 0.111111
3 0.111111
4 0.148148
5 0.148148
6 0.185185
7 0.185185
8 0.185185
9 0.185185
10 0.222222
11 0.222222
12 0.259259
13 0.259259
14 0.296296
15 0.296296
16 0.333333
17 0.333333
18 0.370370
19 0.370370
20 0.370370
21 0.407407
22 0.407407
23 0.444444
24 0.444444
25 0.481481
26 0.481481
27 0.518519
28 0.518519
29 0.555556
30 0.555556
31 0.592593
32 0.592593
33 0.629630
34 0.629630
35 0.666667
36 0.666667
37 0.703704
38 0.703704
39 0.703704
40 0.703704
41 0.703704
42 0.703704
43 0.703704
44 0.740741
45 0.740741
46 0.740741
47 0.740741
48 0.777778
49 0.777778
50 0.777778
51 0.777778
52 0.777778
53 0.814815
54 0.814815
55 0.851852
56 0.851852
57 0.851852
58 0.851852
59 0.851852
60 0.851852
61 0.851852
62 0.851852
63 0.851852
64 0.851852
65 0.851852
66 0.888889
67 0.888889
68 0.888889
69 0.888889
70 0.888889
71 0.888889
72 0.888889
73 0.888889
74 0.888889
75 0.925926
76 0.925926
77 0.925926
78 0.925926
79 0.925926
80 0.925926
81 0.925926
82 0.925926
83 0.925926
84 0.925926
85 0.925926
86 0.925926
87 0.925926
88 0.925926
89 0.962963
90 0.962963
91 0.962963
92 0.962963
93 0.962963
94 0.962963
95 0.962963
96 0.962963
97 0.962963
98 0.962963
99 0.962963
100 0.962963
101 0.962963
102 0.962963
103 0.962963
104 0.962963
105 0.962963
106 0.962963
107 0.962963
108 0.962963
109 0.962963
110 0.962963
111 0.962963
112 0.962963
113 0.962963
114 0.962963
115 0.962963
116 0.962963
117 0.962963
118 0.962963
119 0.962963
120 0.962963
121 0.962963
122 0.962963
123 0.962963
124 0.962963
125 0.962963
126 0.962963
127 0.962963
128 0.962963
129 0.962963
130 0.962963
131 0.962963
